%YAML:1.0
---
Version: 1.0.0
Frame Number: 1
Data Types: [IR(L), IR(R), Depth, RGB, Point Cloud]
Save Format: images
Name: model-front1-230706
With Texture: true
Depth resolution:
  width: 960
  height: 600
Depth intrinsics:
  width: 960
  height: 600
  matrix: !<opencv-matrix>
    rows: 3
    cols: 3
    dt: f
    data: [973.4289, 0, 364.642, 0, 973.4289, 305.3629, 0, 0, 1]
Depth Scale: 0.1
Depth Min: 50
Depth Max: 3000
Depth Exposure Time: 8459
Depth Gain: 1
RGB resolution:
  width: 1920
  height: 1080
RGB intrinsics:
  width: 960
  height: 600
  matrix: !<opencv-matrix>
    rows: 3
    cols: 3
    dt: f
    data: [1003.856, 0, 486.8407, 0, 1115.574, 308.8907, 0, 0, 1]
RGB Exposure Time: 14302
RGB Gain: 2
Extrinsics:
  rotation: !<opencv-matrix>
    rows: 3
    cols: 3
    dt: f
    data: [0.9954692, 0.0025449, -0.09505057, -0.002401829, 0.9999958, 0.001619582, 0.09505429, -0.001383948, 0.9954711]
  translation: !<opencv-matrix>
    rows: 1
    cols: 3
    dt: f
    data: [-22.10899, 0.1274087, -3.720891]