%YAML:1.0
---
deviceID: "A2110006366E10P10"
width: "960"
height: "600"
cameraMatrixL: !!opencv-matrix
   rows: 3
   cols: 3
   dt: d
   data: [ 9.7570677663153651e+02, 0., 4.8895612317577519e+02, 0.,
       9.7529181160671021e+02, 3.1102730822141172e+02, 0., 0., 1. ]
distCoeffL: !!opencv-matrix
   rows: 5
   cols: 1
   dt: d
   data: [ -1.0146179073375453e-01, 2.4744285842579143e-02,
       -3.3035951423539798e-04, 1.8714705891144292e-04,
       8.0846342175022201e-01 ]
cameraMatrixR: !!opencv-matrix
   rows: 3
   cols: 3
   dt: d
   data: [ 9.7272783954395277e+02, 0., 4.7952552379612069e+02, 0.,
       9.7227729142031194e+02, 3.0693209480168838e+02, 0., 0., 1. ]
distCoeffR: !!opencv-matrix
   rows: 5
   cols: 1
   dt: d
   data: [ -1.1072370306265189e-01, 1.6730942913500743e-01,
       -2.3440894323120617e-03, -1.6238811516699898e-04,
       2.1175091039958230e-01 ]
steroRotation: !!opencv-matrix
   rows: 3
   cols: 3
   dt: d
   data: [ 9.9988582913005752e-01, -1.4973446259759882e-02,
       2.0309140807611686e-03, 1.4395748082148423e-02,
       9.8479226377994888e-01, 1.7313855618064647e-01,
       -4.5925093415986875e-03, -1.7308955227358361e-01,
       9.8489538315075764e-01 ]
steroTranslation: !!opencv-matrix
   rows: 3
   cols: 1
   dt: d
   data: [ 5.7062084919884137e-01, -8.0571678903441111e+01,
       7.1563011105307179e+00 ]
pL: !!opencv-matrix
   rows: 3
   cols: 4
   dt: d
   data: [ 9.7421730808774464e+02, 0., 4.8415196609497070e+02, 0., 0.,
       9.7421730808774464e+02, 2.1930636978149414e+02, 0., 0., 0., 1.,
       0. ]
pR: !!opencv-matrix
   rows: 3
   cols: 4
   dt: d
   data: [ 9.7421730808774464e+02, 0., 4.8415196609497070e+02, 0., 0.,
       9.7421730808774464e+02, 4.0073765945434570e+02,
       -7.8805290712914590e+04, 0., 0., 1., 0. ]
Q: !!opencv-matrix
   rows: 4
   cols: 4
   dt: d
   data: [ 1., 0., 0., -4.8415196609497070e+02, 0., 1., 0.,
       -2.1930636978149414e+02, 0., 0., 0., 9.7421730808774464e+02, 0.,
       0., 1.2362333788435480e-02, 2.2429141626021178e+00 ]
